11111111111100000001111010010001
00000000100010100111010111011100
00000000010100100000101100000110
11111111100100100110111011101011
00000000000011100010010111001110
00000000000100100000011000110100
11111111111101011100111001011011
11111111111111010011111011001000
11111111111111010011101101111001
11111111111111000010100111010101
11111111111111011111101001000011
11111111111101110110001101001011
11111111111110110100001010100010
00000000000000001110011101011100
11111111111110101000000011000111
11111111111111011110100110101110
11111111111111100000000111101001
11111111111111000111101100101110
11111111111111100101011101100000
11111111111110000000001001001111
11111111111110110111010000000110
00000000000000010000010110000110
11111111111110100010000101111010
11111111111111010101100100001110
11111111111111011011000100000001
11111111111111000001010101000110
11111111111111100010100010000010
11111111111101101111110101101110
11111111111110110100100000100111
00000000000000010010010100111010
11111111111110101100000110111100
11111111111111101000111100000111
11111111111111100101011010100110
11111111111111000101100000001010
11111111111111100101010010001000
11111111111101110100110010110110
11111111111110110100010100111010
00000000000000010001100100100111
11111111111110101111001111000100
11111111111111100110001001000011
11111111111111011010001001011000
11111111111111000000011011110000
11111111111111100010010011001111
11111111111101111010101101011101
11111111111110111001000101010000
00000000000000001110111000011100
11111111111110011100010001111010
11111111111111001111001110101110
11111111111111011100100111111100
11111111111111000100111100011001
11111111111111100011000001001000
11111111111101101110001010011110
11111111111110110011011000100101
00000000000000010000101111100011
11111111111110101100010001010101
11111111111111100001110110100011
11111111111111010000010100110101
11111111111110111011110000110001
11111111111111011100111110000001
11111111111101110110001110011010
11111111111110110100110100001000
00000000000000010001101101110010
11111111111110101010010001111110
11111111111111101000110110000111
11111111111111100110111100110011
11111111111111000100011101011110
11111111111111100010111110010101
11111111111101110011110010101011
11111111111110111001111101101011
00000000000000010101010010011100
11111111111110101011000100111011
11111111111111011010101101101010
11111111111111011000001111100011
11111111111111000100100110101100
11111111111111100011010000000011
11111111111101111001110000111011
11111111111110110110010111110011
00000000000000001110011001011111
11111111111110100110110011100001
11111111111111011010001000011011
11111111111111011001000111100101
11111111111111000010101010110010
11111111111111100100100110000111
11111111111101111101101001110110
11111111111110110111100000101100
00000000000000010101101001010110
11111111111110101000100001011110
11111111111111011010110000100010
11111111111111011110000000000000
11111111111111000110011010000011
11111111111111100110100101000011
11111111111101111010001110001011
11111111111110110100000101001100
00000000000000010100001111010111
11111111111110101101110110110001
11111111111111100110011000010101
11111111111111100110100110110101
11111111111111000011000000110011
11111111111111100001101010011110
11111111111101110011000110001011
11111111111110110001111011010010
00000000000000010000011000000111
11111111111110100010010011100100
11111111111111011101000100110100
11111111111111100100010000111111
11111111111111000111000111011010
11111111111111100100001101111001
11111111111101101110010000000101
11111111111110110101011010101100
00000000000000010010111001001011
11111111111110100110111101011010
11111111111111010111010101010001
11111111111111010010010010011100
11111111111110111111101001011010
11111111111111100001000101111101
11111111111101110100000110110010
11111111111110110010111000110110
00000000000000010000010011001111
11111111111110101001111100001111
11111111111111100011110001111111
11111111111111100011010100110111
11111111111111000101001110110100
11111111111111100111010000110110
11111111111101110100101000001111
11111111111110101101111000001011
00000000000000011010001000010100
11111111111110100100000011011000
11111111111111100111000110101100
11111111111111100111001000100000
11111111111111000110010110011000
11111111111111100101010010001111
11111111111101110010000110110100
11111111111110110110110000000000
00000000000000010001111001010010
11111111111110100010101101100011
11111111111111010011001000111111
11111111111111010001000100101101
11111111111110111111110011011010
11111111111111100001100010011100
11111111111101111000011110010101
11111111111110110101001011010001
00000000000000010011000101110110
11111111111110110000010011110110
11111111111111100111000101111010
11111111111111011011100110000010
11111111111110111111111101100000
11111111111111100001110100101010
11111111111101110101100011111101
11111111111110111001000001111000
00000000000000010010011100001101
11111111111110100011110110011111
11111111111111010011111000111011
11111111111111011000110100000100
11111111111111000100011011100001
11111111111111100011100111111100
11111111111101110101100000000001
11111111111110110010001111101011
00000000000000010000000111000001
11111111111110101101010100111100
00000000101111110100010101100011
11111111111100000001111010010001
00000000100010100111010111011100
00000000010100100000101100000110
11111111100100100110111011101011
00000000000011100010010111001110
00000000000100100000011000110100
11111111111101011100111001011011
11111111111111010011111011001000
11111111111111010011101101111001
11111111111111000010100111010101
11111111111111011111101001000011
11111111111101110110001101001011
11111111111110110100001010100010
00000000000000001110011101011100
11111111111110101000000011000111
11111111111111011110100110101110
11111111111111100000000111101001
11111111111111000111101100101110
11111111111111100101011101100000
11111111111110000000001001001111
11111111111110110111010000000110
00000000000000010000010110000110
11111111111110100010000101111010
11111111111111010101100100001110
11111111111111011011000100000001
11111111111111000001010101000110
11111111111111100010100010000010
11111111111101101111110101101110
11111111111110110100100000100111
00000000000000010010010100111010
11111111111110101100000110111100
11111111111111101000111100000111
11111111111111100101011010100110
11111111111111000101100000001010
11111111111111100101010010001000
11111111111101110100110010110110
11111111111110110100010100111010
00000000000000010001100100100111
11111111111110101111001111000100
11111111111111100110001001000011
11111111111111011010001001011000
11111111111111000000011011110000
11111111111111100010010011001111
11111111111101111010101101011101
11111111111110111001000101010000
00000000000000001110111000011100
11111111111110011100010001111010
11111111111111001111001110101110
11111111111111011100100111111100
11111111111111000100111100011001
11111111111111100011000001001000
11111111111101101110001010011110
11111111111110110011011000100101
00000000000000010000101111100011
11111111111110101100010001010101
11111111111111100001110110100011
11111111111111010000010100110101
11111111111110111011110000110001
11111111111111011100111110000001
11111111111101110110001110011010
11111111111110110100110100001000
00000000000000010001101101110010
11111111111110101010010001111110
11111111111111101000110110000111
11111111111111100110111100110011
11111111111111000100011101011110
11111111111111100010111110010101
11111111111101110011110010101011
11111111111110111001111101101011
00000000000000010101010010011100
11111111111110101011000100111011
11111111111111011010101101101010
11111111111111011000001111100011
11111111111111000100100110101100
11111111111111100011010000000011
11111111111101111001110000111011
11111111111110110110010111110011
00000000000000001110011001011111
11111111111110100110110011100001
11111111111111011010001000011011
11111111111111011001000111100101
11111111111111000010101010110010
11111111111111100100100110000111
11111111111101111101101001110110
11111111111110110111100000101100
00000000000000010101101001010110
11111111111110101000100001011110
11111111111111011010110000100010
11111111111111011110000000000000
11111111111111000110011010000011
11111111111111100110100101000011
11111111111101111010001110001011
11111111111110110100000101001100
00000000000000010100001111010111
11111111111110101101110110110001
11111111111111100110011000010101
11111111111111100110100110110101
11111111111111000011000000110011
11111111111111100001101010011110
11111111111101110011000110001011
11111111111110110001111011010010
00000000000000010000011000000111
11111111111110100010010011100100
11111111111111011101000100110100
11111111111111100100010000111111
11111111111111000111000111011010
11111111111111100100001101111001
11111111111101101110010000000101
11111111111110110101011010101100
00000000000000010010111001001011
11111111111110100110111101011010
11111111111111010111010101010001
11111111111111010010010010011100
11111111111110111111101001011010
11111111111111100001000101111101
11111111111101110100000110110010
11111111111110110010111000110110
00000000000000010000010011001111
11111111111110101001111100001111
11111111111111100011110001111111
11111111111111100011010100110111
11111111111111000101001110110100
11111111111111100111010000110110
11111111111101110100101000001111
11111111111110101101111000001011
00000000000000011010001000010100
11111111111110100100000011011000
11111111111111100111000110101100
11111111111111100111001000100000
11111111111111000110010110011000
11111111111111100101010010001111
11111111111101110010000110110100
11111111111110110110110000000000
00000000000000010001111001010010
11111111111110100010101101100011
11111111111111010011001000111111
11111111111111010001000100101101
11111111111110111111110011011010
11111111111111100001100010011100
11111111111101111000011110010101
11111111111110110101001011010001
00000000000000010011000101110110
11111111111110110000010011110110
11111111111111100111000101111010
11111111111111011011100110000010
11111111111110111111111101100000
11111111111111100001110100101010
11111111111101110101100011111101
11111111111110111001000001111000
00000000000000010010011100001101
11111111111110100011110110011111
11111111111111010011111000111011
11111111111111011000110100000100
11111111111111000100011011100001
11111111111111100011100111111100
11111111111101110101100000000001
11111111111110110010001111101011
00000000000000010000000111000001
11111111111110101101010100111100
00000000101111110100010101100011
11111111111100000001111010010001
00000000100010100111010111011100
00000000010100100000101100000110
11111111100100100110111011101011
00000000000011100010010111001110
00000000000100100000011000110100
11111111111101011100111001011011
11111111111111010011111011001000
11111111111111010011101101111001
11111111111111000010100111010101
11111111111111011111101001000011
11111111111101110110001101001011
11111111111110110100001010100010
00000000000000001110011101011100
11111111111110101000000011000111
11111111111111011110100110101110
11111111111111100000000111101001
11111111111111000111101100101110
11111111111111100101011101100000
11111111111110000000001001001111
11111111111110110111010000000110
00000000000000010000010110000110
11111111111110100010000101111010
11111111111111010101100100001110
11111111111111011011000100000001
11111111111111000001010101000110
11111111111111100010100010000010
11111111111101101111110101101110
11111111111110110100100000100111
00000000000000010010010100111010
11111111111110101100000110111100
11111111111111101000111100000111
11111111111111100101011010100110
11111111111111000101100000001010
11111111111111100101010010001000
11111111111101110100110010110110
11111111111110110100010100111010
00000000000000010001100100100111
11111111111110101111001111000100
11111111111111100110001001000011
11111111111111011010001001011000
11111111111111000000011011110000
11111111111111100010010011001111
11111111111101111010101101011101
11111111111110111001000101010000
00000000000000001110111000011100
11111111111110011100010001111010
11111111111111001111001110101110
11111111111111011100100111111100
11111111111111000100111100011001
11111111111111100011000001001000
11111111111101101110001010011110
11111111111110110011011000100101
00000000000000010000101111100011
11111111111110101100010001010101
11111111111111100001110110100011
11111111111111010000010100110101
11111111111110111011110000110001
11111111111111011100111110000001
11111111111101110110001110011010
11111111111110110100110100001000
00000000000000010001101101110010
11111111111110101010010001111110
11111111111111101000110110000111
11111111111111100110111100110011
11111111111111000100011101011110
11111111111111100010111110010101
11111111111101110011110010101011
11111111111110111001111101101011
00000000000000010101010010011100
11111111111110101011000100111011
11111111111111011010101101101010
11111111111111011000001111100011
11111111111111000100100110101100
11111111111111100011010000000011
11111111111101111001110000111011
11111111111110110110010111110011
00000000000000001110011001011111
11111111111110100110110011100001
11111111111111011010001000011011
11111111111111011001000111100101
11111111111111000010101010110010
11111111111111100100100110000111
11111111111101111101101001110110
11111111111110110111100000101100
00000000000000010101101001010110
11111111111110101000100001011110
11111111111111011010110000100010
11111111111111011110000000000000
11111111111111000110011010000011
11111111111111100110100101000011
11111111111101111010001110001011
11111111111110110100000101001100
00000000000000010100001111010111
11111111111110101101110110110001
11111111111111100110011000010101
11111111111111100110100110110101
11111111111111000011000000110011
11111111111111100001101010011110
11111111111101110011000110001011
11111111111110110001111011010010
00000000000000010000011000000111
11111111111110100010010011100100
11111111111111011101000100110100
11111111111111100100010000111111
11111111111111000111000111011010
11111111111111100100001101111001
11111111111101101110010000000101
11111111111110110101011010101100
00000000000000010010111001001011
11111111111110100110111101011010
11111111111111010111010101010001
11111111111111010010010010011100
11111111111110111111101001011010
11111111111111100001000101111101
11111111111101110100000110110010
11111111111110110010111000110110
00000000000000010000010011001111
11111111111110101001111100001111
11111111111111100011110001111111
11111111111111100011010100110111
11111111111111000101001110110100
11111111111111100111010000110110
11111111111101110100101000001111
11111111111110101101111000001011
00000000000000011010001000010100
11111111111110100100000011011000
11111111111111100111000110101100
11111111111111100111001000100000
11111111111111000110010110011000
11111111111111100101010010001111
11111111111101110010000110110100
11111111111110110110110000000000
00000000000000010001111001010010
11111111111110100010101101100011
11111111111111010011001000111111
11111111111111010001000100101101
11111111111110111111110011011010
11111111111111100001100010011100
11111111111101111000011110010101
11111111111110110101001011010001
00000000000000010011000101110110
11111111111110110000010011110110
11111111111111100111000101111010
11111111111111011011100110000010
11111111111110111111111101100000
11111111111111100001110100101010
11111111111101110101100011111101
11111111111110111001000001111000
00000000000000010010011100001101
11111111111110100011110110011111
11111111111111010011111000111011
11111111111111011000110100000100
11111111111111000100011011100001
11111111111111100011100111111100
11111111111101110101100000000001
11111111111110110010001111101011
00000000000000010000000111000001
11111111111110101101010100111100
00000000101111110100010101100011
11111111111100000001111010010001
00000000100010100111010111011100
00000000010100100000101100000110
11111111100100100110111011101011
00000000000011100010010111001110
00000000000100100000011000110100
11111111111101011100111001011011
11111111111111010011111011001000
11111111111111010011101101111001
11111111111111000010100111010101
11111111111111011111101001000011
11111111111101110110001101001011
11111111111110110100001010100010
00000000000000001110011101011100
11111111111110101000000011000111
11111111111111011110100110101110
11111111111111100000000111101001
11111111111111000111101100101110
11111111111111100101011101100000
11111111111110000000001001001111
11111111111110110111010000000110
00000000000000010000010110000110
11111111111110100010000101111010
11111111111111010101100100001110
11111111111111011011000100000001
11111111111111000001010101000110
11111111111111100010100010000010
11111111111101101111110101101110
11111111111110110100100000100111
00000000000000010010010100111010
11111111111110101100000110111100
11111111111111101000111100000111
11111111111111100101011010100110
11111111111111000101100000001010
11111111111111100101010010001000
11111111111101110100110010110110
11111111111110110100010100111010
00000000000000010001100100100111
11111111111110101111001111000100
11111111111111100110001001000011
11111111111111011010001001011000
11111111111111000000011011110000
11111111111111100010010011001111
11111111111101111010101101011101
11111111111110111001000101010000
00000000000000001110111000011100
11111111111110011100010001111010
11111111111111001111001110101110
11111111111111011100100111111100
11111111111111000100111100011001
11111111111111100011000001001000
11111111111101101110001010011110
11111111111110110011011000100101
00000000000000010000101111100011
11111111111110101100010001010101
11111111111111100001110110100011
11111111111111010000010100110101
11111111111110111011110000110001
11111111111111011100111110000001
11111111111101110110001110011010
11111111111110110100110100001000
00000000000000010001101101110010
11111111111110101010010001111110
11111111111111101000110110000111
11111111111111100110111100110011
11111111111111000100011101011110
11111111111111100010111110010101
11111111111101110011110010101011
11111111111110111001111101101011
00000000000000010101010010011100
11111111111110101011000100111011
11111111111111011010101101101010
11111111111111011000001111100011
11111111111111000100100110101100
11111111111111100011010000000011
11111111111101111001110000111011
11111111111110110110010111110011
00000000000000001110011001011111
11111111111110100110110011100001
11111111111111011010001000011011
11111111111111011001000111100101
11111111111111000010101010110010
11111111111111100100100110000111
11111111111101111101101001110110
11111111111110110111100000101100
00000000000000010101101001010110
11111111111110101000100001011110
11111111111111011010110000100010
11111111111111011110000000000000
11111111111111000110011010000011
11111111111111100110100101000011
11111111111101111010001110001011
11111111111110110100000101001100
00000000000000010100001111010111
11111111111110101101110110110001
11111111111111100110011000010101
11111111111111100110100110110101
11111111111111000011000000110011
11111111111111100001101010011110
11111111111101110011000110001011
11111111111110110001111011010010
00000000000000010000011000000111
11111111111110100010010011100100
11111111111111011101000100110100
11111111111111100100010000111111
11111111111111000111000111011010
11111111111111100100001101111001
11111111111101101110010000000101
11111111111110110101011010101100
00000000000000010010111001001011
11111111111110100110111101011010
11111111111111010111010101010001
11111111111111010010010010011100
11111111111110111111101001011010
11111111111111100001000101111101
11111111111101110100000110110010
11111111111110110010111000110110
00000000000000010000010011001111
11111111111110101001111100001111
11111111111111100011110001111111
11111111111111100011010100110111
11111111111111000101001110110100
11111111111111100111010000110110
11111111111101110100101000001111
11111111111110101101111000001011
00000000000000011010001000010100
11111111111110100100000011011000
11111111111111100111000110101100
11111111111111100111001000100000
11111111111111000110010110011000
11111111111111100101010010001111
11111111111101110010000110110100
11111111111110110110110000000000
00000000000000010001111001010010
11111111111110100010101101100011
11111111111111010011001000111111
11111111111111010001000100101101
11111111111110111111110011011010
11111111111111100001100010011100
11111111111101111000011110010101
11111111111110110101001011010001
00000000000000010011000101110110
11111111111110110000010011110110
11111111111111100111000101111010
11111111111111011011100110000010
11111111111110111111111101100000
11111111111111100001110100101010
11111111111101110101100011111101
11111111111110111001000001111000
00000000000000010010011100001101
11111111111110100011110110011111
11111111111111010011111000111011
11111111111111011000110100000100
11111111111111000100011011100001
11111111111111100011100111111100
11111111111101110101100000000001
11111111111110110010001111101011
00000000000000010000000111000001
11111111111110101101010100111100
00000000101111110100010101100011
